4294967294,1103
4294967294,1117
4294967294,1126
4294967294,1135
4294967294,1132
4294967294,1115
4294967294,1151
4294967294,1150
4294967294,1149
4294967294,1148
4294967294,1147
4294967294,1146
4294967294,1145
4294967294,1144
4294967294,1143
4294967294,1142
4294967294,1141
4294967294,1140
4294967294,1139
4294967294,6
4294967294,50
4294967294,63
4294967294,62
4294967294,61
4294967294,60
4294967294,57
4294967294,56
4294967294,54
4294967294,35
4294967294,34
4294967294,33
4294967294,32
4294967294,31
4294967294,973
4294967294,972
4294967294,925
4294967294,909
4294967294,959
4294967294,952
4294967294,831
4294967294,704
4294967294,654
4243767287,0
4294967294,516
4294967294,514
4294967294,518
4294967294,539
4294967294,455
4294967294,477
4294967294,480
4294967294,452
4294967294,431
4294967294,424
4294967294,423
4294967294,446
4294967294,445
4294967294,444
4294967294,443
4294967294,434
4294967294,433
4294967294,346
4294967294,345
4294967294,344
4294967294,343
4294967294,197
4294967294,158
4294967294,157
4294967294,155
4294967294,151
4294967294,148
4294967294,147
4294967294,140
4294967294,139
4294967294,132
4294967279,0
4294967293,131
4294967293,130
4294967293,129
4294967293,128
4294967279,4
4294967279,5
4294967279,6
4294967279,7
4294967279,8
4294967279,9
4294967279,10
4294967279,11
4294967279,12
4294967279,13
4294967279,14
4294967279,15
4294967279,16
4294967279,17
4294967279,18
4294967279,19
4294967279,20
4294967279,21
4294967279,22
4294967279,23
4294967279,24
4294967279,25
4294967279,26
4294967279,27
4294967279,28
4294967279,29
4294967279,30
174,5
174,4
174,1
4294967278,0
4294967293,127
4294967293,126
4294967293,125
4294967293,124
4294967293,123
4294967293,122
4294967293,121
4294967293,120
4294967293,119
4294967293,118
4294967293,117
4294967293,116
4294967293,115
4294967293,114
4294967293,113
4294967293,112
4294967293,111
4294967293,110
4294967293,109
4294967293,108
4294967293,107
4294967293,106
4294967293,105
4294967293,104
4294967293,103
4294967293,102
4294967293,101
4294967293,100
4294967293,63
4294967293,62
4294967293,61
4294967293,60
4294967293,59
4294967293,58
4294967293,57
4294967293,56
4294967293,55
4294967293,54
4294967293,53
4294967293,52
4294967293,51
4294967293,50
4294967293,49
188,1
4243767289,0
4243767285,0
4294967294,1411
4294967294,1352
4294967294,1345
4294967294,1295
4294967294,1222
4294967294,1193
172,1
4243767288,0
4294967279,466
4294967279,467
4294967279,468
4294967279,455
4294967279,460
4294967279,438
4294967279,417
4294967279,416
4294967279,410
4294967279,387
4294967279,431
4294967279,413
4294967279,414
4294967279,384
4294967279,385
4294967279,439
4294967279,386
4294967279,432
4294967279,415
4294967278,411
4294967278,408
4294967278,400
4294967278,393
4294967278,399
4294967278,409
4294967279,283
4294967279,281
4294967279,275
4294967279,260
4294967278,347
4243767283,0
4294967279,258
4294967279,259
4294967279,284
4294967279,262
4294967279,286
4294967279,263
4294967279,319
4294967279,266
4294967279,264
4294967279,261
4294967279,265
4294967279,288
4294967279,267
4294967279,287
4294967279,269
4294967279,268
4294967279,270
4294967279,289
4294967279,271
4294967279,290
4294967279,272
4294967279,273
4294967279,215
4294967278,260
4243767282,0
4294967279,227
4294967279,192
4294967279,193
4294967279,194
4294967279,195
4294967279,196
4294967279,197
4294967279,198
4294967279,199
4294967279,200
4294967279,201
4294967279,202
4294967279,203
4294967279,204
4294967279,205
4294967279,206
4294967279,207
4294967279,208
4294967279,209
4294967279,210
4294967279,211
4294967279,214
4294967279,212
4294967279,213
4294967279,217
4294967279,219
4294967279,216
4294967279,174
4294967279,134
4294967279,133
4294967279,135
4294967279,136
4294967279,138
4294967279,137
4294967279,139
4294967279,140
4294967279,141
4294967279,142
4294967279,143
4294967279,144
4294967279,150
4294967279,151
4294967279,145
4294967279,146
4294967279,147
4294967279,148
4294967279,149
4294967279,152
4294967279,153
4294967279,155
4294967279,154
4294967279,158
4294967279,156
4294967279,157
4294967279,159
4294967279,160
4294967279,161
4294967279,162
4294967278,174
0,0
4294967279,64
4294967279,65
4294967279,66
4294967279,67
4294967279,68
4294967279,69
4294967279,70
4294967279,71
4294967279,72
4294967279,73
4294967279,74
4294967279,75
4294967279,76
4294967279,77
4294967279,78
4294967279,79
4294967279,80
4294967279,81
4294967279,82
4294967279,83
4294967279,84
4294967279,85
4294967279,86
4294967279,87
4294967279,89
4294967279,90
4294967279,91
4294967279,92
4294967279,93
4294967279,94
4294967279,95
